$ 1 0.000005 4.43302224444953 70 5 50 5e-11
s 144 160 240 160 0 0 false
r 368 240 368 352 0 30000
f 256 192 256 240 33 1.5 0.02
w 240 160 256 160 0
w 256 160 256 192 0
v 96 160 144 160 0 0 40 5 0 0 0.5
v 128 240 240 240 0 0 40 4 0 0 0.5
w 272 240 368 240 0
g 224 352 224 384 0 0
w 96 160 96 352 0
w 96 352 128 352 0
w 368 352 224 352 0
g 128 288 128 304 0 0
w 128 240 128 288 0
g 160 192 144 192 0 0
r 160 192 256 192 0 100000
d 256 160 368 160 2 default
z 240 272 272 272 2 default-zener
w 240 240 240 272 0
w 272 240 272 272 0
g 144 368 144 384 0 0
w 128 352 144 352 0
w 144 352 144 368 0
w 368 240 368 160 0
