299846.00
313313.00
326563.00
339735.00
348294.00
354262.00
59700.00
4682879.00
546706.00
1076451.00
1203064.00
1185501.00
1260524.00
1412566.00
1505456.00
1513903.00
1511509.00
1561469.00
1567020.00
1573485.00
1592858.00
1629461.00
2423522.00
1693331.00
1453726.00
1346391.00
1341156.00
1198674.00
788850.00
747363.00
691182.00
855568.00
817004.00
840079.00
863458.00
851691.00
874803.00
837753.00
823701.00
835869.00
835334.00
835320.00
833836.00
831634.00
842794.00
849711.00
823271.00
739919.00
827921.00
550168.00
620340.00
541330.00
532702.00
544552.00
551700.00
610338.00
672869.00
720278.00
718189.00
699866.00
737705.00
725073.00
722585.00
691783.00
682686.00
678031.00
676734.00
677115.00
676419.00
677306.00
677207.00
671967.00
665201.00
661106.00
656187.00
645195.00
616852.00
627923.00
875431.00
934224.00
884528.00
993712.00
1186487.00
1100447.00
1033169.00
1276046.00
1640318.00
1634190.00
2567735.00
1997709.00
2506397.00
2008314.00
4098016.00
3493274.00
2565745.00
2439114.00
1957088.00
2018920.00
1982254.00
1953228.00
1941243.00
1917115.00
1905658.00
1896500.00
1880712.00
8177506.00
8388607.00
8388607.00
8388607.00
8388607.00
7972287.00
6129429.00
4724633.00
4646783.00
4215610.00
3759271.00
3616974.00
3545879.00
3481296.00
3404854.00
3318615.00
3225961.00
3137414.00
3081398.00
3188382.00
3240562.00
3249325.00
3229991.00
3221353.00
3206952.00
3207448.00
3209007.00
3203951.00
3200246.00
3195547.00
3190174.00
3197951.00
3235014.00
3391830.00
3730416.00
3431517.00
3370540.00
3334251.00
3333529.00
3339989.00
3338317.00
3329732.00
3346692.00
3341531.00
3341119.00
3327796.00
3338864.00
3335801.00
3337667.00
3320654.00
3324921.00
3324949.00
3321651.00
3328458.00
3326136.00
3326858.00
3327582.00
3333701.00
3331123.00
3329185.00
3320784.00
3316421.00
3318508.00
3318261.00
3326327.00
3325232.00
3319316.00
3318981.00
3316337.00
3319771.00
3322882.00
3318177.00
3315376.00
3318171.00
3317507.00
3313783.00
3290796.00
3290184.00
3287245.00
3282009.00
3286264.00
3289522.00
3288492.00
3289239.00
3288417.00
3292199.00
3290459.00
3292289.00
3290095.00
3290127.00
3286955.00
3292424.00
3296173.00
3295648.00
3297610.00
3297281.00
3293965.00
3297452.00
3296347.00
3295766.00
3298608.00
3299637.00
3298449.00
3298604.00
3301495.00
3300448.00
3303389.00
3301130.00
3298669.00
3306376.00
3305692.00
3304719.00
3311984.00
3312318.00
3317500.00
3323634.00
3333647.00
3338560.00
3341418.00
3343150.00
3345786.00
3347874.00
3348365.00
3336972.00
3341566.00
3333452.00
3330560.00
3319987.00
3326118.00
3332871.00
3336583.00
3335122.00
3336747.00
3335746.00
3336508.00
3336153.00
3335581.00
3338711.00
3341605.00
3343910.00
3344748.00
3342467.00
3344658.00
3340906.00
3341819.00
3341115.00
3339002.00
3336590.00
3334701.00
3333988.00
3334128.00
3330321.00
3332121.00
3327488.00
3331665.00
3333427.00
3340491.00
3341022.00
3349794.00
3346576.00
3352918.00
3354186.00
3356260.00
3361619.00
3365684.00
3367258.00
3369806.00
3371272.00
3370215.00
3371977.00
3370227.00
3373158.00
3373103.00
3373755.00
3371040.00
3371649.00
3369014.00
3369074.00
3367631.00
3367696.00
3367180.00
3365299.00
3366022.00
3364271.00
3364364.00
3366001.00
3368585.00
3366296.00
3374825.00
3382866.00
3378528.00
3373218.00
3376071.00
3376334.00
3372057.00
3378921.00
3382476.00
3386726.00
3380109.00
3375652.00
3376688.00
3367971.00
3367371.00
3335627.00
3339620.00
3336656.00
3338262.00
3330936.00
3331823.00
3323898.00
3329956.00
3335405.00
3336966.00
3329340.00
3329109.00
3326234.00
3328354.00
3332553.00
3328322.00
3330531.00
3326956.00
3328083.00
3328238.00
3327382.00
3326669.00
3324036.00
3323713.00
3324216.00
3319768.00
3322081.00
3321630.00
3322774.00
3318693.00
3316460.00
3317466.00
3315618.00
3314098.00
3319355.00
3317914.00
3313854.00
3310693.00
3309774.00
3317106.00
3317708.00
3317633.00
3319982.00
3313093.00
3302964.00
2519022.00
1836548.00
1448589.00
1162806.00
1175582.00
1154431.00
1138718.00
1133373.00
1132320.00
1133603.00
1133448.00
1133600.00
1134979.00
1135715.00
1135389.00
1134609.00
1134402.00
1133888.00
1133912.00
1134035.00
1134082.00
1133338.00
1133454.00
1132551.00
1131741.00
1131021.00
1131176.00
1131673.00
1131891.00
1130317.00
1131656.00
1135198.00
1136199.00
1137528.00
1137909.00
1136770.00
1136366.00
1135899.00
1134808.00
1134197.00
1133267.00
1131812.00
1130040.00
1129494.00
1129865.00
1129942.00
1129264.00
1127998.00
1128162.00
1127203.00
1125492.00
1124520.00
1122114.00
1121877.00
1121911.00
1122381.00
1121159.00
1120039.00
1119376.00
1117643.00
1116788.00
1115961.00
1116929.00
1116344.00
1116756.00
1115417.00
1114530.00
1116305.00
1115032.00
1113825.00
1112636.00
1109249.00
1110077.00
1109972.00
1112302.00
1109867.00
1106779.00
1108455.00
1107016.00
1107752.00
1109937.00
1107640.00
1106978.00
1106231.00
1107763.00
1107489.00
1106076.00
1107743.00
1108708.00
1109806.00
1109677.00
1110705.00
1110720.00
1111014.00
1110170.00
1109545.00
1109739.00
1108879.00
1108619.00
1107906.00
1108769.00
1107460.00
1108340.00
1108485.00
1107184.00
1107304.00
1107836.00
1107733.00
1107425.00
1106946.00
1106295.00
1107778.00
1107733.00
1107862.00
1108258.00
1107083.00
1106505.00
1105784.00
1107704.00
1107680.00
1107044.00
1107189.00
1107193.00
1106254.00
1105133.00
1105675.00
1106082.00
1104845.00
1105656.00
1104605.00
1103468.00
1102349.00
1101596.00
1101212.00
1100537.00
1101200.00
1100921.00
1099388.00
1098618.00
316687.00
325980.00
329940.00
331224.00
333270.00
335648.00
336718.00
336340.00
337094.00
339485.00
340117.00
339156.00
341182.00
341198.00
343128.00
344904.00
346437.00
348194.00
350535.00
350126.00
351009.00
352472.00
355102.00
355990.00
357448.00
358353.00
358374.00
359043.00
360698.00
361287.00
364738.00
365390.00
367128.00
368094.00
368694.00
369225.00
370093.00
372777.00
372911.00
376185.00
377073.00
377238.00
378267.00
377638.00
377444.00
377332.00
377656.00
379436.00
379102.00
379759.00
379379.00
379846.00
380422.00
380101.00
379498.00
379698.00
378834.00
379477.00
379873.00
380340.00
380398.00
383084.00
387815.00
389271.00
389054.00
389190.00
389716.00
389034.00
388560.00
388418.00
388421.00
388314.00
388984.00
388538.00
388374.00
388119.00
388634.00
388880.00
388930.00
458133.00
455853.00
432821.00
410123.00
420915.00
416885.00
415887.00
416199.00
416027.00
416238.00
416995.00
417430.00
418472.00
418840.00
418061.00
418181.00
418699.00
417938.00
417652.00
417863.00
417545.00
418155.00
417972.00
418429.00
418399.00
418543.00
418464.00
417352.00
417209.00
416723.00
416429.00
416142.00
416970.00
416378.00
416249.00
416901.00
417003.00
417248.00
417488.00
417733.00
417499.00
418518.00
418889.00
419369.00
420308.00
420980.00
421298.00
421633.00
423209.00
423932.00
424477.00
424274.00
424386.00
424517.00
425107.00
425780.00
425075.00
425278.00
426695.00
426484.00
427155.00
427378.00
426954.00
427277.00
427378.00
427508.00
427722.00
427515.00
428149.00
427764.00
427717.00
428813.00
428723.00
428274.00
428326.00
427364.00
427503.00
426706.00
426695.00
426074.00
426418.00
426822.00
427152.00
427847.00
429660.00
434841.00
437663.00
439818.00
440301.00
443208.00
444537.00
445558.00
446146.00
447031.00
447890.00
448220.00
447697.00
447999.00
447959.00
448101.00
448727.00
448608.00
449374.00
449498.00
447715.00
448696.00
448895.00
449541.00
448947.00
448417.00
446796.00
445664.00
443202.00
442506.00
442666.00
441633.00
441496.00
439971.00
439137.00
437853.00
435271.00
434756.00
434821.00
434221.00
434462.00
433416.00
434121.00
433759.00
433737.00
434045.00
434016.00
433906.00
433448.00
433391.00
433287.00
432970.00
432583.00
432950.00
433113.00
432692.00
432269.00
432874.00
432282.00
432400.00
432348.00
431987.00
431674.00
432038.00
431591.00
431108.00
430880.00
430860.00
431028.00
431348.00
431334.00
431077.00
430686.00
430227.00
429881.00
428816.00
429062.00
428983.00
428834.00
428971.00
428380.00
427981.00
428267.00
427897.00
427592.00
427021.00
426518.00
426181.00
426674.00
426786.00
426302.00
425981.00
456125.00
477848.00
518327.00
511501.00
531119.00
524352.00
519849.00
520025.00
519926.00
520272.00
519827.00
519455.00
519617.00
519076.00
518979.00
518860.00
518680.00
518731.00
518732.00
517789.00
516936.00
516427.00
515673.00
515087.00
514928.00
514963.00
514599.00
514267.00
514383.00
513498.00
513322.00
511901.00
510489.00
510516.00
509524.00
507756.00
507844.00
508366.00
508200.00
508465.00
508645.00
508664.00
508437.00
509239.00
286796.00
326744.00
331981.00
334972.00
336906.00
340320.00
341031.00
342424.00
342348.00
342782.00
343418.00
343697.00
344252.00
344816.00
345072.00
344868.00
345839.00
346358.00
346191.00
346747.00
346764.00
346900.00
347125.00
359979.00
384017.00
393088.00
416749.00
418314.00
418408.00
418319.00
418332.00
417774.00
418144.00
417961.00
418278.00
418109.00
417436.00
417758.00
417881.00
418075.00
418127.00
417438.00
417428.00
416776.00
416970.00
416701.00
416447.00
416200.00
416413.00
416115.00
416039.00
416410.00
416101.00
415452.00
415943.00
416091.00
415671.00
415508.00
415203.00
414987.00
415394.00
415720.00
415709.00
415186.00
415299.00
415816.00
415391.00
415540.00
415791.00
415393.00
414600.00
414201.00
414349.00
415004.00
414880.00
414679.00
415050.00
414517.00
414077.00
413924.00
413951.00
413413.00
412870.00
412693.00
412966.00
412739.00
412586.00
413458.00
412483.00
412157.00
411731.00
412341.00
411765.00
411589.00
411559.00
411644.00
410935.00
410226.00
409343.00
409063.00
408818.00
408354.00
407605.00
407055.00
406671.00
406368.00
406223.00
406144.00
405221.00
406285.00
406161.00
405700.00
405753.00
405108.00
404975.00
405139.00
404236.00
404164.00
403655.00
403336.00
403980.00
403765.00
402971.00
402583.00
402639.00
401663.00
401832.00
401229.00
400990.00
401109.00
400835.00
400610.00
400199.00
400075.00
399551.00
399535.00
399182.00
399549.00
401594.00
402381.00
403349.00
403027.00
403395.00
403460.00
403479.00
403250.00
403259.00
403445.00
403923.00
403955.00
403954.00
403446.00
403621.00
403526.00
402928.00
403100.00
403388.00
403252.00
403724.00
405451.00
422344.00
431266.00
436229.00
450544.00
484343.00
450625.00
402318.00
386695.00
380200.00
330494.00
335786.00
350908.00
355846.00
347913.00
344659.00
343449.00
342304.00
341654.00
338698.00
307185.00
300777.00
287275.00
270918.00
266778.00
266784.00
266698.00
266923.00
266676.00
266681.00
266293.00
266149.00
266323.00
266191.00
265689.00
266116.00
265965.00
265540.00
264933.00
265584.00
264984.00
264851.00
264541.00
263824.00
264006.00
263116.00
262606.00
262100.00
261843.00
261834.00
261532.00
260945.00
261284.00
260989.00
260813.00
262840.00
263164.00
263999.00
264800.00
266852.00
267603.00
270774.00
272186.00
272854.00
272538.00
272913.00
272200.00
272157.00
278550.00
313985.00
286777.00
294262.00
293045.00
294306.00
294042.00
293478.00
293084.00
292638.00
292371.00
292277.00
291913.00
292011.00
291933.00
291816.00
292849.00
294745.00
294528.00
294410.00
294588.00
294729.00
294786.00
295482.00
295976.00
295890.00
295881.00
295552.00
296333.00
295433.00
295601.00
295686.00
295230.00
294905.00
294339.00
293620.00
293146.00
292265.00
292001.00
291538.00
290525.00
288924.00
287977.00
286953.00
285928.00
285628.00
284767.00
284407.00
282990.00
282513.00
281664.00
280694.00
278928.00
278811.00
277907.00
277904.00
277194.00
276654.00
275656.00
275446.00
273962.00
273713.00
272725.00
271506.00
271055.00
270214.00
269595.00
268252.00
267163.00
265714.00
265201.00
264888.00
263935.00
262823.00
262146.00
261541.00
260943.00
260790.00
259913.00
259123.00
258513.00
258688.00
256963.00
255058.00
254021.00
253232.00
251580.00
250445.00
249902.00
249295.00
248459.00
247876.00
247573.00
246715.00
245979.00
245922.00
245002.00
243709.00
241759.00
239674.00
238720.00
238853.00
238879.00
239449.00
239063.00
239252.00
239334.00
239408.00
239757.00
240211.00
240513.00
240640.00
241149.00
240869.00
241236.00
242200.00
242782.00
242927.00
242650.00
242566.00
243270.00
243574.00
243151.00
244124.00
246153.00
247628.00
254522.00
280249.00
281255.00
282730.00
285320.00
287789.00
290228.00
301043.00
302480.00
307067.00
308760.00
311033.00
323169.00
320133.00
315411.00
315327.00
315365.00
315841.00
312988.00
311641.00
313081.00
314551.00
316042.00
316965.00
320993.00
326034.00
326256.00
327325.00
332982.00
340345.00
364857.00
377075.00
402931.00
418587.00
428697.00
523422.00
494468.00
480617.00
425397.00
411950.00
412756.00
419466.00
419106.00
417566.00
417210.00
417384.00
417358.00
417217.00
416835.00
415873.00
415533.00
416245.00
416219.00
415114.00
414417.00
412993.00
409042.00
405043.00
401679.00
396058.00
392640.00
391937.00
393126.00
394867.00
396441.00
397028.00
398035.00
397775.00
398253.00
398454.00
398600.00
398370.00
398104.00
398563.00
398638.00
398807.00
398582.00
399162.00
399222.00
399291.00
400590.00
402410.00
405195.00
407341.00
408285.00
409549.00
409283.00
409530.00
409860.00
410629.00
411656.00
411735.00
413207.00
413093.00
412604.00
413432.00
413394.00
413476.00
413770.00
413979.00
413547.00
412868.00
412881.00
412828.00
412964.00
413149.00
412267.00
412762.00
412452.00
413309.00
412937.00
413101.00
412943.00
411739.00
412203.00
412430.00
412184.00
412618.00
412424.00
412382.00
412091.00
412180.00
412124.00
411966.00
411982.00
412330.00
412273.00
412016.00
412289.00
412593.00
412433.00
412600.00
412724.00
412817.00
412675.00
412804.00
413571.00
413230.00
413637.00
413720.00
414162.00
414417.00
414806.00
415297.00
415325.00
415457.00
416390.00
416334.00
416694.00
417871.00
418756.00
419124.00
419808.00
420696.00
421074.00
420893.00
420069.00
420425.00
420300.00
420817.00
421092.00
420872.00
420709.00
420900.00
420472.00
421815.00
421689.00
422786.00
423320.00
423383.00
422572.00
422607.00
422682.00
422622.00
423093.00
423114.00
422736.00
423169.00
423115.00
423585.00
425208.00
433761.00
464819.00
475080.00
475700.00
475317.00
477087.00
474111.00
469136.00
479450.00
480950.00
480360.00
476298.00
470533.00
461587.00
443909.00
452879.00
454835.00
450817.00
441545.00
439453.00
438138.00
436996.00
437460.00
438097.00
435442.00
435447.00
473666.00
461281.00
457316.00
454698.00
459147.00
464118.00
499157.00
479979.00
469077.00
494220.00
530809.00
596177.00
257085.00
227463.00
210481.00
203422.00
197722.00
191561.00
187159.00
182061.00
178250.00
173589.00
170671.00
166828.00
162583.00
160723.00
159134.00
157550.00
156224.00
154096.00
152944.00
151221.00
149502.00
148105.00
146702.00
145818.00
145671.00
145471.00
145347.00
145747.00
145073.00
144945.00
