$ 1 0.000005 10.20027730826997 50 5 50 5e-11
v 400 320 400 192 0 0 40 3.3 0 0 0.5
r 560 288 656 176 0 997
r 656 176 752 288 0 1000
r 560 288 656 384 0 1000
r 656 384 752 288 0 1000
w 400 192 400 160 0
w 400 160 656 160 0
w 656 160 656 176 0
w 400 320 400 384 0
w 400 384 656 384 0
w 560 288 560 496 0
w 752 560 752 288 0
w 560 496 560 560 0
409 880 576 1008 576 3 0.6 -1.7519791134195812 0.023100000000000002 0
409 880 736 1008 736 1 0.6 2.4602889614748396 0.023100000000000002 0
r 880 640 960 640 0 10000
r 816 592 816 720 0 2210
r 880 672 960 672 0 10000
w 960 640 1008 640 0
w 1008 576 1008 640 0
w 960 672 1008 672 0
w 1008 672 1008 736 0
w 880 720 880 672 0
w 880 640 880 592 0
w 880 560 752 560 0
w 880 752 560 752 0
w 560 560 560 752 0
w 816 592 880 592 0
w 816 720 880 720 0
r 1008 576 1120 576 0 10000
r 1008 736 1120 736 0 10000
r 1120 576 1248 576 0 10000
409 1120 656 1248 656 1 0.6 2.4583668533110608 0.023100000000000002 0
w 1120 576 1120 640 0
w 1120 672 1120 736 0
w 1248 576 1248 656 0
r 1120 736 1248 736 0 10000
w 1024 816 400 816 0
w 400 384 400 816 0
w 1024 816 1216 816 0
w 1248 736 1248 816 0
w 944 704 1024 704 0
w 944 608 1024 608 0
w 1024 608 1024 704 0
w 1024 704 1024 816 0
w 1216 816 1248 816 0
w 944 768 944 784 0
w 944 784 784 784 0
w 784 784 784 496 0
w 784 496 944 496 0
w 944 496 944 544 0
w 784 496 784 160 0
w 784 160 656 160 0
w 1184 688 1216 688 0
w 1216 688 1216 784 0
w 1216 784 944 784 0
w 1184 624 1264 624 0
w 1264 624 1264 736 0
w 1264 736 1248 736 0
w 1248 656 1344 656 0
167 1408 384 1536 384 0 12
w 1408 736 1408 688 0
w 1408 688 1216 688 0
w 1408 384 1344 384 0
w 1344 384 1344 656 0
