$ 1 0.000005 7.943983955226134 50 5 50 5e-11
f 656 400 656 512 32 0.9 0.02
r 560 400 560 512 0 10000
r 752 400 752 512 0 10000
w 560 400 656 400 0
w 560 400 560 336 0
w 560 512 640 512 0
w 672 512 752 512 0
w 752 400 752 336 0
v 512 336 560 336 0 0 40 3 0 0 0.5
v 704 336 752 336 0 0 40 5 0 0 0.5
w 544 512 560 512 0
w 752 512 800 512 0
O 800 512 880 512 0 0
g 704 336 704 272 0 0
R 496 512 432 512 4 5 40 3 0 0 0.159154943092
g 512 336 512 272 0 0
w 496 512 544 512 0
z 640 544 672 544 2 default-zener
w 672 544 672 512 0
w 640 544 640 512 0
o 14 64 0 4099 5 0.00625 0 2 12 0
