845607.00
845826.00
845462.00
845679.00
845894.00
845807.00
845176.00
844532.00
843714.00
842844.00
841664.00
840710.00
840167.00
840526.00
840169.00
839992.00
838988.00
838022.00
837465.00
836542.00
835904.00
835170.00
834662.00
833865.00
833344.00
833081.00
832892.00
832843.00
832218.00
832887.00
832991.00
832934.00
832170.00
832274.00
832113.00
831861.00
831133.00
831127.00
831024.00
831049.00
830936.00
831002.00
830780.00
830306.00
830042.00
829528.00
829824.00
830047.00
830268.00
830809.00
830932.00
831128.00
830857.00
830894.00
830866.00
830595.00
829981.00
829718.00
829293.00
828758.00
827979.00
827221.00
826472.00
825815.00
825744.00
825563.00
826011.00
826496.00
827244.00
828459.00
830117.00
831766.00
833796.00
836093.00
837895.00
839921.00
841030.00
842925.00
844172.00
845577.00
848152.00
850643.00
852335.00
853529.00
854753.00
856048.00
857661.00
859315.00
860745.00
862466.00
864222.00
865831.00
867765.00
871142.00
883975.00
901747.00
916551.00
925617.00
930922.00
935381.00
939490.00
943744.00
947280.00
950015.00
951983.00
953541.00
954938.00
956427.00
958035.00
959655.00
961589.00
963124.00
964289.00
965846.00
967240.00
968447.00
1129241.00
1125289.00
1162394.00
1178790.00
1182436.00
1184287.00
1185558.00
1185884.00
1186698.00
1186962.00
1187891.00
1188247.00
1189070.00
1189722.00
1189871.00
1190924.00
1191605.00
1192415.00
1192713.00
1193520.00
1193815.00
1194400.00
1195550.00
1196433.00
1197409.00
1198083.00
1198424.00
1199063.00
1200237.00
1200688.00
1201993.00
1202984.00
1203538.00
1204307.00
1205974.00
1206826.00
1207655.00
1208883.00
1210585.00
1210998.00
1211676.00
1212457.00
1212846.00
1213706.00
1214802.00
1215787.00
1218145.00
1226518.00
976774.00
855246.00
856571.00
857828.00
858424.00
859172.00
859844.00
860292.00
861067.00
861926.00
862185.00
862517.00
862694.00
862716.00
862732.00
862959.00
862975.00
863317.00
863569.00
863774.00
864203.00
864711.00
865045.00
865421.00
866051.00
866579.00
867169.00
867742.00
868164.00
868581.00
869355.00
869748.00
870030.00
870606.00
871115.00
871371.00
871549.00
871676.00
872092.00
872480.00
873022.00
873433.00
873747.00
874010.00
874392.00
874441.00
875011.00
874935.00
875069.00
875323.00
875639.00
875861.00
876171.00
876189.00
876221.00
876350.00
876552.00
877155.00
877400.00
877727.00
878184.00
878229.00
878509.00
878978.00
879062.00
879276.00
879523.00
879700.00
879551.00
879495.00
879664.00
879731.00
879492.00
879529.00
879317.00
879011.00
878920.00
878486.00
878315.00
878091.00
878003.00
877866.00
877610.00
877408.00
877146.00
877010.00
876948.00
876782.00
876955.00
877112.00
877286.00
877525.00
877434.00
877451.00
877472.00
919589.00
928103.00
930487.00
931595.00
932679.00
932796.00
933743.00
934121.00
934322.00
934325.00
934754.00
935110.00
935406.00
935599.00
935888.00
936141.00
936289.00
936655.00
936707.00
936784.00
936855.00
938119.00
939007.00
939645.00
940047.00
940449.00
941069.00
941871.00
942261.00
942562.00
942749.00
943031.00
943120.00
943141.00
943430.00
943535.00
943722.00
943960.00
944158.00
944331.00
944804.00
945233.00
945551.00
945953.00
946541.00
947199.00
947691.00
947823.00
947958.00
948170.00
948191.00
948354.00
948369.00
948318.00
948030.00
948090.00
859753.00
859898.00
860130.00
860178.00
860319.00
860635.00
860859.00
860785.00
862401.00
909479.00
912238.00
915064.00
917858.00
921027.00
926458.00
932935.00
936127.00
937363.00
938145.00
938708.00
939613.00
940439.00
941903.00
943192.00
943584.00
944188.00
944835.00
946012.00
946713.00
947343.00
947402.00
947582.00
948453.00
948944.00
949687.00
949888.00
949845.00
949937.00
950124.00
950441.00
950311.00
950173.00
950103.00
950009.00
949715.00
949502.00
949250.00
949142.00
949298.00
949326.00
949583.00
949621.00
949344.00
949349.00
949408.00
949519.00
949768.00
950484.00
951229.00
951759.00
952159.00
952887.00
955385.00
957771.00
958107.00
958104.00
958182.00
958066.00
958255.00
957917.00
957920.00
957864.00
957789.00
957672.00
957468.00
957340.00
957356.00
957056.00
957035.00
956986.00
956748.00
956493.00
956315.00
955244.00
954181.00
951373.00
951426.00
951671.00
951678.00
951815.00
952339.00
953231.00
954811.00
956713.00
958439.00
959171.00
959462.00
960202.00
961054.00
961529.00
961608.00
961890.00
961925.00
961993.00
961968.00
961410.00
962211.00
962198.00
961718.00
962303.00
962257.00
962572.00
962771.00
963068.00
963190.00
963274.00
963517.00
963757.00
964079.00
964578.00
966768.00
966602.00
967684.00
968156.00
968208.00
968599.00
969086.00
970191.00
973440.00
980197.00
985112.00
987434.00
990607.00
991635.00
992622.00
993074.00
993862.00
994475.00
994770.00
995200.00
995719.00
996779.00
1001564.00
1006348.00
1008503.00
1007992.00
1009369.00
1009977.00
1010626.00
1011041.00
1011075.00
1011008.00
1011072.00
1011153.00
1011267.00
1011083.00
1011211.00
1011499.00
1011627.00
1011571.00
1011552.00
1011726.00
1011880.00
1011980.00
1011835.00
1011948.00
1012139.00
1012186.00
1012186.00
1012157.00
1012287.00
1012322.00
1012257.00
1012378.00
1012817.00
1013411.00
1014212.00
1016339.00
1016904.00
1018139.00
1259404.00
8388607.00
8388607.00
8388607.00
8388607.00
8388607.00
8388607.00
8388607.00
8388607.00
8388607.00
8388607.00
8388607.00
8388607.00
8388607.00
8388607.00
8388607.00
8388607.00
8388607.00
8388607.00
8388607.00
8388607.00
8388607.00
8388607.00
8388607.00
8388607.00
8388607.00
8388607.00
8388607.00
8388607.00
8388607.00
8388607.00
8388607.00
8388607.00
8388607.00
8388607.00
8388607.00
8388607.00
8388607.00
8388607.00
8388607.00
8388607.00
8388607.00
8388607.00
8388607.00
8388607.00
8388607.00
8388607.00
8388607.00
8388607.00
8388607.00
8388607.00
8388607.00
8388607.00
8388607.00
8388607.00
8388607.00
8388607.00
8388607.00
8388607.00
8388607.00
